WF|5|1|50
WF|19|3|70
WF|25|6
WF|14|10
WF|2|2|70
WF|2|22|35
WF|7|32|35
WF|11|6
WF|31|13
WF|13|21
WF|25|6|80
WF|28|14|40
WF|14|12
WF|3|12
WF|5|0
LI|9|2
LI|13|1
LI|6|1|150
LI|16|21|100
LI|8|5|167
ZBR|12|7
ZBR|14|32|200
ZBR|2|32|203
ZBR|31|13
ZBR|31|12
ZBR|31|11|232
ZBR|31|10
ZBR|9|15
ZBR|9|14
ZBR|10|15
ZBR|8|15
ZBR|6|23
ZBR|6|22|107
ZBR|5|22
ZBR|5|21
ZBR|6|21
ZBR|3|9
ZBR|3|12
ZBR|2|9
ZBR|14|0
ELP|26|5|4957
ELP|26|6
ELP|26|7
ELP|20|24
ELP|20|23|5122
ELP|14|26
ELP|14|27|4253
ELP|14|30
ELP|3|27|3000
ELP|6|28
MCQ|13|4
MCQ|14|4|10
MCQ|22|26|11.4
MCQ|11|27|8.88
MCQ|20|3
HG|20|2|100
HG|9|16
HG|9|15
HG|9|26|77
HG|11|29|72
EGL|4|24
EGL|4|25
EGL|3|7|4.44
EGL|2|2|2
EGL|2|7
OW|1|6
OW|26|13
OW|26|12|2.3
OW|31|9
OW|31|10
OW|18|6|3.9
OW|19|6|2.75
OW|0|2
OW|0|3
OW|0|5
HMB|31|32
HMB|31|31|0.0003
HMB|31|30
HMB|23|12
HMB|23|11|0.0005
HMB|25|15
HMB|24|13
CKT|25|22
CKT|25|21|0.1
CKT|24|22|0.085
CKT|29|32
CKT|28|32
RBN|26|30
RBN|26|29|0.053
RBN|21|9
RBN|21|8
RBN|20|10|0.03
BT|26|19
BT|26|20
BT|31|21|0.26
BT|30|21|0.19
BT|29|20
PNG|0|0|20
PNG|6|19
PNG|6|20|43
PNG|25|2
PNG|27|3
HPP|3|4
HPP|14|7
HPP|15|7
HPP|20|25|1007
HPP|20|24
HPP|2|27|2301
PLC|31|7
PLC|31|8
PLC|31|9|6.3
PLC|31|10
PLC|31|11
PLC|23|7|7.78
PLC|23|8
GSE|14|21
GSE|14|22
GSE|23|28
GSE|6|29
GSE|29|24|3.33
GSE|29|23|5.5
GSE|30|24
GSE|30|23|3.6
GSE|13|12
GSE|12|12
CRN|28|6
CRN|28|8|2
CRN|3|0|1
CRN|3|1
CRN|24|17|1.11
CRN|23|17
DRL|12|30
DRL|22|24
DRL|22|25|0.05
DRL|22|23
DRL|26|22
DRL|26|21|0.234
DRL|27|21
CLG|28|28
CLG|28|27|0.1
CLG|16|4
CLG|16|3
SGL|27|0
SGL|27|1
SGL|26|0
SGL|12|22|0.29
SGL|12|23
SGL|28|27|0.113
SGL|28|20
SHK|14|22|700
SHK|16|20|888
SHK|10|22
SHK|11|23
SHK|21|5
MRE|20|14
MRE|21|15
MRE|20|16|24
MRE|6|7
MRE|15|6|13.45
MRE|12|7
MRE|19|6|17
MRE|31|6
MRE|30|8
DGG|10|12
DGG|11|14
DGG|12|14|302
DGG|6|12
DGG|6|15|234
DGG|8|14
DGG|31|17|264
DGG|29|18
DGG|28|19|258
DGG|28|22
DGG|0|2
DGG|5|3
DGG|18|6|313
DGG|15|7
DGG|11|6
TRL|0|12
TRL|0|14|400
TRL|2|15
TRL|3|13|444
TRL|30|3
TRL|29|3|551
TRL|31|5
TRL|1|1
TRL|4|2
DLP|5|29
DLP|6|30
DLP|6|28|245
DLP|7|31
DLP|7|29
DLP|8|25|222
DLP|8|29|309
DLP|31|18
DLP|28|17
DLP|28|21
WHL|8|19|30195
WHL|7|20
WHL|14|20|40145
WHL|20|19
